00
682
250.82
250.6
486
493
188
250.02
491
518
435
574
786
197
556
276
453
428
427
789
250.13
440
434
414
458
724
239
250.7
530
600
280
553
560
410
820
296
782
716
38
996
780
250.11
715
451
331
590
482
250.92
189
295
853
153
933
654
507
291
784
250.8
V57
293
250
799
552
584
599
433
250.03
250.3
284
183
781
616
604
714
250.12
432
852
531
490
577
278
618
466
535
601
294
625
578
288
162
711
285
403
722
537
648
515
303
?
292
562
309
174
844
540
415
411
198
995
812
536
420
573
707
572
478
424
413
250.4
822
519
661
998
962
496
112
532
351
441
787
431
558
593
860
575
9
487
592
824
289
154
211
569
79
564
522
345
404
642
398
721
V58
202
426
557
455
727
250.1
53
733
997
436
277
251
226
485
805
511
304
8
401
644
969
368
730
785
348
378
594
402
873
611
465
581
756
274
250.81
386
191
851
205
V53
425
729
300
808
346
218
566
821
680
47
238
475
527
576
723
823
850
250.42
571
311
157
459
443
726
V54
298
438
659
227
430
327
332
494
349
534
290
250.32
250.2
253
380
794
135
788
220
681
416
595
790
481
585
250.41
204
185
250.01
738
250.23
719
199
728
614
516
813
607
567
V56
444
533
492
155
802
421
396
783
310
252
233
193
250.22
620
281
621
42
555
358
447
357
200
297
801
568
151
305
255
275
959
922
528
333
V55
196
241
807
626
182
658
437
972
442
456
54
286
924
287
965
550
161
510
250.83
462
920
617
283
693
945
608
512
664
999
235
250.43
423
591
242
710
596
203
825
250.33
656
150
514
225
840
718
355
3
473
340
282
586
307
958
446
250.93
70
429
244
627
156
461
480
660
